789
790
862
863
865
1207
1608
2073
2075
2079
3192
3195
3196
3474
4562
4564
6268
6336
6337
6537
6539
6541
6542
6545
6546
6547
6548
6550
6551
6552
6553
6554
6556
6557
6558
6559
6564
6565
6570
6571
6573
6574
6575
6576
6577
6578
6580
6581
6582
6583
6585
6586
6590
6591
6593
6594
6595
6596
6597
6598
6600
6601
6605
6607
6611
6613
6614
6616
7108
7355
7368
7410
7411
7412
7414
7416
7419
7420
7421
7422
7423
7424
7433
7436
7443
7444
7446
7455
7456
7457
7458
7459
7460
7461
7462
7474
7476
7478
7480
7483
7484
7486
7487
7488
7489
7490
7492
7493
7494
7495
7517
7524
7527
7533
7535
7539
7541
7546
7554
7556
7558
7609
8194
8215
9286
9291
9387
9389
9390
9409
9410
9455
9461
9640
9748
9756
9763
9764
9771
9776
9778
9779
9780
9781
9783
9784
9785
9786
9787
9789
9794
9797
9802
9805
9807
9810
9812
9813
9815
9816
9817
9818
9823
9827
9829
9830
9831
9833
9837
9841
9847
9851
9853
9855
9856
9857
9861
9862
9866
9867
9868
9869
9870
9877
9885
9887
9889
9890
9891
9896
9897
9903
9904
9911
9916
9922
9926
9929
9930
9931
9932
9938
9951
9959
9964
9969
10060
10066
10067
10076
10079
10081
10086
10087
10088
10090
10091
10092
10098
10101
10108
10110
10112
10118
10120
10122
10126
10127
10130
10131
10133
10134
10137
10138
10144
10148
10149
10155
10159
10165
10166
10168
10169
10171
10173
10184
10194
10197
10201
10202
10203
10206
10207
10208
10212
10224
10226
10231
10234
10238
10240
10241
10245
10249
10267
10278
10279
10280
10282
10298
10299
10377
10379
10380
10409
10504
10777
10783
10785
10786
10787
10795
10796
10800
11118
11765
11766
11767
11934
11946
11965
11981
11993
11994
11995
12006
12007
12008
12019
12020
12022
12026
12040
12047
12527
13258
14114
14119
14123
14129
14131
14160
14165
14171
14181
14211
14220
14233
14235
14240
14242
14246
14936
14939
15009
15014
15017
15123
15129
15134
15136
15156
15157
15194
15210
15222
15224
15227
15228
15229
15298
15304
15306
15308
15309
15329
15331
15336
15339
15367
15385
15479
15492
15497
15507
15515
15536
15553
15569
15592
15604
15610
15615
15621
15630
15633
15648
15659
15667
15670
15676
15677
15912
20656
20658
20662
20964
21768
24693
24694
24695
24696
24697
24698
24699
24700
24701
24702
24704
24705
24706
24707
24709
24710
24711
24712
24713
24714
24715
24716
24775
24777
24806
24807
24808
24809
24810
24811
24812
24813
24814
24815
24816
24817
24818
24819
24820
24821
24822
24823
24824
24825
24826
24827
24828
24829
24884
24888
24890
24891
24892
24918
24919
24920
24921
24922
24923
24924
24925
24926
24927
24928
24929
24930
24931
24932
24933
24934
24935
24936
24937
24938
24939
24940
24941
24942
24945
24949
24957
24963
24965
24967
24968
24970
24971
24973
24976
24978
24979
24980
24981
24984
24986
24987
24988
24989
24992
24994
24995
24996
25000
25002
25003
25004
25007
25012
25013
25015
25017
25020
25021
25030
25031
25032
25033
25034
25035
25036
25044
25045
25046
25058
25059
25060
25061
25064
25072
25073
25074
25075
25080
25081
25082
25083
25084
25086
25114
25115
25116
25128
25129
25130
25142
25143
25144
25156
25157
25198
25199
25200
25212
25214
25310
25311
25312
25322
28494
31155
31156
31157
31159
31160
31161
31163
31164
31165
31168
31176
31177
31179
31182
31188
31189
31191
31194
31195
31197
31198
31201
31203
31209
31210
31211
31213
31214
31215
31217
31218
31219
31221
31223
31224
31227
31228
31229
31232
31233
31235
31238
31242
31243
31244
31247
31248
31249
31254
31256
31263
31264
